Results for boston housing
test_mean_weights: 0.2 +- 1.4600096599955428e-08
test_std_weights: 0.18974835673967996 +- 0.029220939807352807
test_mean_mu: 23.677301788330077 +- 1.6813606124940328
test_std_mu: 5.959896278381348 +- 1.2347865100413715
test_mean_sigma: 2.6708437760670978 +- 0.2869736861623488
test_std_sigma: 1.8412604570388793 +- 0.5033671003837398
test_loss: 2.9187697208288936 +- 0.3824460959426646
test_mdn_loss: 2.9187697208288936 +- 0.3824460959426646

Results for energy efficiency
test_mean_weights: 0.05000000074505806 +- 0.0
test_std_weights: 0.12495072931051254 +- 0.009993446227458309
test_mean_mu: 25.231757609049478 +- 0.7969632304063079
test_std_mu: 9.777055994669597 +- 0.6034397905508511
test_mean_sigma: 2.346176791191101 +- 0.5719154498224954
test_std_sigma: 1.780370291074117 +- 0.3658123845566972
test_loss: 1.6743057727813722 +- 0.15493432701120607
test_mdn_loss: 1.6743057727813722 +- 0.15493432701120607

Results for concrete 
test_mean_weights: 0.10000000149011612 +- 0.0
test_std_weights: 0.15175490478674572 +- 0.01938182805241879
test_mean_mu: 39.42837397257487 +- 2.212057574075048
test_std_mu: 13.01100196838379 +- 1.3847612113621879
test_mean_sigma: 3.353674046198527 +- 0.36964877529891366
test_std_sigma: 1.5990233023961384 +- 0.22065350373727272
test_loss: 2.9675397600446436 +- 0.08251933338471383
test_mdn_loss: 2.9675397600446436 +- 0.08251933338471383

Results for boston_housing (kmn)
test_mean_weights: 0.0005567928853755196 +- 2.574039615656094e-11
test_std_weights: 0.017522397202750048 +- 0.001588823247759182
test_nll_loss: 2.43387508392334 +- 0.14709057885564164

Results for energy (kmn)
test_mean_weights: 0.00036603221281742055 +- 7.259770814123605e-12
test_std_weights: 0.018347148845593134 +- 0.00039889712669599826
test_nll_loss: 2.5189860184987385 +- 0.15982115627691018

Results for concrete (kmn)
test_mean_weights: 0.00027292576463272176 +- 1.4519541628247209e-11
test_std_weights: 0.011856986954808236 +- 0.001138430757545078
test_nll_loss: 3.390731233539003 +- 0.19061760174033732

Results for concrete (nf)
test_nll_loss: 2.9356942494710285 +- 0.21237463464831105

Results for boston_housing (nf)
test_nll_loss: 2.17517893049452 +- 0.19507009508343798

Results for energy_efficiency (nf)
test_nll_loss: 1.9357906262079874 +- 0.3325044021205647
